1
100
0000110011000001000000001000100101010101100101011111000000100101110110111101100000110101100110001100
0101101000000100011001010100110100110001001000001011111001001011000010110010101111111110101111101010
0010001110001111111011110000000100001011101111101011111010111110110110001100000011110100010011011010
0001101010010010010111110110001010100100110100101111100010100001101111101001001000100100010100011000
1100101010101101101000010010001011010111010011111110011111000000101110000001100111100011001010001010
1000011001110110110011010110000001111011110011101000011110010100000110000010101010011100101101111011
1000000111101000011111001111110101111010100001110000010111001101111101010010111101011110000011111010
1010000011100011000111000000101111011001110011100011010001010101100100101100110100110000111001100111
0111010001001100000100010000101110000000001111001000001000110101000000011111011101011010011000011011
0111000000110000110011110100000110101100101001101110001010100011000111000001111111101000001101110100
1100010011010010000000111011001011101101110010010110011001100001100101001111100110101111111011011100
1100101110000100001101100111100101000100010110001111011001010000110011001000000011111000001010111010
0011010000001101000111000000001010000100001000000011011100111111111001010100100001100000111000010000
1101001011111101000110010000111100001100101011010010100001111000010011100001101111000001101011100010
1101010010110011000100000100001101000110010101110011011010011100101001000101000101110011101110011101
0110010111010011010101101011101111101100000011101110100011100111010001001110011011001000000001011011
0001111101110111111111100101110110011110011110010011010010000000001100110001111010000110000110110100
1011011000111100110000100000011111101000010110000011010100101111101011010010010111001110011100010010
1111001001011011111101010100101001111100010010001111110100110110100001001100000110011011111101011100
0110000110111111101011000001000101110100010100011000111011101101101110100101110001010000011101110100
0111011111101100100000001101100111011011111110011100010011111000100110101000110011010111100000000011
0100110101000001100101100101111100011010110100111011100001011000110001100001010100110010100111000001
1101000101111100100011010101110111000100001010101001011001001100100110101100000101111110011001001000
0011010001001111011100010100110001111110011111010100111101000101000001100100100101011000111100000010
0101101000101110100110110011111110010011001001010000000010001000011000010011000100011101011000101000
0101011001110111001000111110001011110000010100100010010110001011011011101011110101011001011101111010
0101010110001111101101010110100101100010101101111011011000100000011000010011010101000101110011010010
1010110001111000100011010101011100011111010111001011110110001001010000001010100000000100010010000110
1001010100001110101001001110010111010010000110101010110000101001110001110001010000000110100000111000
1000010000001100011111000010101000101001000001011111001101101100111011110011010010001110110111101100
0000111111110001011101000011010000100110001001101110100100011010011101110111010010101000000100110101
0011101011011011110101110111000100100011011101110001011100000110111010001101101110011100000110001010
1011111100111001000010001011101001001000100110011000110000101010100101101000011100001101010100101111
1101011010100010100101101001101100101001011011010111000010000001000111100101001111111011101110011010
1000000001000110111110101110111000111111010111101111000100101101001101011100110101101011110101010000
0001010101001001101110101011011100100111111111011101100110110000000010111111101100110000000010011111
0101110000001001100001000101000101010110010111111111010101000010011111000001110000000100000101001111
1010101011111111101100111111010011100110000011100011011101000011110000011101111001101011001001000011
0110111101110010101111111001001011001000110100001001000110011001111100001001100000001101100011101101
1010111010001011001100000001101011100111100111010111111011010101010100111011001000001001101100101001
0111001010110100111011011011010011001001010010010111100111011001001100001111110001000101100111100101
0010100111010101101010111011001010011010110111101110111110111000000101000000001110110000001010111011
1111100001000010000000001000100100101100010110110111010010101110101010001000011111010001011100001011
1000100001101011110101011111010101111110001010100110100011001000001011011110111010101011011111110001
0011011001111101101011101011010000010111001101011101000000011011010101010001101011011011000000101101
0100111101111010101101011100100011110101010100011101010110101010111000000011111101010011000011111100
0111100111011100100011100001110111100011101100100110010000011111110101001001001101010111011011011101
0011111100100000000010100011011000000100101100011111000101011000111100010111010001000111111111110100
0001001010101011100100001010010110000110101110110101101100100011011111101000000011011000001010110010
0010000111000100111100110001110111101010011001011010011011010011110111101111001001001010111110001101
0001000111010010110001101000011010110000001101101101001001101111010111011110000001010001110011000101
1000010011000100100010101100100111011101000101111000000111110000101010100111001101010111000101010100
0110001011111001010111111100110000011011111101010011111100011001110100101001011110011000101011000100
1110010110110100011010111100110111110101111100101001010001101110101100011100001111001001011100010111
0101000110001011111011101101111110000100000110001011010110011100100111110010011000000110100111001000
0000111011110000011000010101000111000000110101101100100011101011111001101001010011111110010111101000
0100001111100101001101011000011011111010100110001101011000001100010101101011011000011100001000100010
0101010001011010010000100001110010000010000110101010100110100010110100000010111111000101010110101101
0101000111110110000110100000010011111111100110010101111000100000100011000010001011111001010010001010
1100010100010100011101010100001000100111010010101011011010101111001010011111100001011000101111111000
0010010101000000101110110000110101111001000001001011000010000101001111110001101100011001001111001010
0011101100101111101000001011100001011010001110011000101000101000010010010110111000010101111001101100
1100111001000111001100111110001100110011111000011101101110010010001111110110001100010001101110110010
1111001001001011010100001111101111001111011011001101100101101000010010010101011000001001101001111001
1100101010101111010001001001111101111101110011101000110001101010011111101100100111010001010100010000
0010001101001101010101100101010000010001111101111110111101100001100101101001010001110111010011010111
0011111101101100001001100111011111111011001111010000110001001100101100011100101111000100011010001011
0011110101011110101100011001001110001110111111101110011111000011011101101011011100001001001101010000
1111110110111010100010110110110110101011110100011110101011001010010100001101001000111110100111001010
1001000101101011110010111001000010101000010011110000001100110011110111001100001101001101101110010110
0111101010111101110111001111111010001010010000110110100000111000111010110101111010010101111110101111
0101101001010010101001101010010111000101100000110111110001100100100100101110101101101100110000101101
0101010101101111011011010010010011101001001010111010100010011100110101111101101111011001110100001100
0101011001101111000011100000010100101100000100010000011001001000100011011001000101011110101011100011
0111010101010001101100111110110010101010110011010111010001001011110110110000010110100001110001101101
1000100100001010001011111100011000010100011010101111001101110110101111110111001110011110011101111100
0100100011000011111100010010100000101101110011011000000111011010111101101110100100111100101001010000
1010001101111101101010001011100111000000010111101111001111010110011000000110000110100000111001100000
1111010110100111011101010011011001111000011111110010110001101000001010111101111011001010000110110011
0001110010101001100111101000110111001010001010101001110000110110111011101110001101111111110000000110
1001001011001111010111011011000001000001100011011011011101100001011001010111100011110001010100110110
1010101100101011000100101110010100110011101101100011100001110010010000100110010111111000011001000000
1001011101000111111000110111001101110011101101001010001110011101001111100110000101011110001000111110
0110000110000001101000110011011101100110010100001010111101001101011011011001100010100010111011001100
0101100000100001010001010100010101011000010110000101000010011000100001001011100010110111111010110100
1100010010111111000011111110000110110110101011001110011000010000111101000000100000110111111010100110
0100101101010101010011100000000100101001000000010000110001100110010111010011111111001110111001110010
0011100000101001000001000001111110011010111010011110000011111100111011011001000011010011011111111101
1000010000011010100010011000111101010001011000010110101110010000010000010001101001100001101011000110
1000111101111000111011011011111110001010000100100001011010010100010010011110110000101101000100011000
0000001011110111111010110110011011111100000011000001111111100111101110011011011011110111110100110110
1101111010101001100011011100101011100000100011000100010001010000011110110000011010011001001000100010
0001011001111100111101001000001100000110000010001000010101110010101111110101100100101011000010100111
1000101000010001110111110111001000011110000100000011010000110010110011000101111010001111011010010000
0110000100011010111001001000000111001101011100010001100010011001100001100010011010001101110011110100
1011100101011010111010001111110111000000011011101011010000101000010101111010010101001100011010111010
1101110111011110001011011000010001110001010100111111000011100100001101110001010111111111101100100001
1011111111111010111011011000101001001000000111001000000100100000000010101010010001100011010001111001
0001100001111100001100111011000000011111110110000100000001111111110100001110101000101111101101110000
1011101010001100011010011110111001011100011100000100010101101111010000111010100000110111010010011110